All tests passed!
Matrix Multiplication Runtime
m: 1024 n: 1024 p: 1024
INT32: 1.86214 ms
FLOAT: 1.86112 ms
DOUBLE: 7.88070 ms
