All tests passed!
Matrix Multiplication Runtime
m: 1024 n: 1024 p: 1024
INT32: 15.42856 ms
FLOAT: 15.42810 ms
DOUBLE: 15.81568 ms
